0000000000011100000000000
0000000000011100000000000
0000000000011100000000000
0000000000011100000000000
0000000000011100000000000
0000000000011100000000000
0000000000011100000000000
0000000000011100000000000
0000000000011100000000000
0000000001111111000000000
0000000001111111000000000
1111111111111111111111111
1111111111111111111111111
1111111111111111111111111
0000000001111111000000000
0000000001111111000000000
0000000000000000000000000
0000000000000000000000000
0000000000000000000000000
0000000000000000000000000
0000000000000000000000000
0000000000000000000000000
0000000000000000000000000
0000000000000000000000000
0000000000000000000000000